//tetrahedron (-30, -20, 140) 20 (150, 50, 50, 0)
//tetrahedron (30, 10, 120) 10 (150, 50, 50, 0)
//tetrahedron (-40, 0, 90) 10 (150, 50, 50, 0)
tetrahedron (25, 12, 150) 30 (150, 50, 50, 0) rotate (-20, 45, 0)
//tetrahedron (25, 12, 150) 30 (150, 50, 50, 0)
sphere (-30, 153, 100) 2 (100, 100, 100, 0)
plane(0, 10, 0)(0, -50, 0)(120, 180, 120, 0)
cone(0, 0, 16)(2, 2, -3)(10) INF (25, 150, 150, 0)
cone(7, 0, 20)(-3, -2, -2)(25)(75, 60, 150, 0)
cube(4, -6, 6) 3 (100, 100, 100, 0) rotate (45, 0, 0)
//cube(4, -6, 6) 3 (100, 100, 100, 0)
cylinder(-16, -1, 15)(-8, 8, 10)(2) (150, 50, 100, 0) rotate(0, 20, -10) translate(2, 0, 0)
//cylinder(-16, -1, 15)(-8, 8, 10)(2) (150, 50, 100, 0)
//light(12, 19, -15)(55, 55, 55, 0)
light(-30, 150, -100)(45, 45, 45, 0)
ambient light (10, 10, 10, 0)
camera -20, 0, -30 (0, -10, 0)
//camera 70, 70, -120 (-18, 15, 0)
//camera -20, 120, 90 (-80, 35, 0)
